# Created by Octave 3.6.4, Mon Aug 12 15:30:57 2013 EDT <robertothais@centaur>
# name: X
# type: matrix
# rows: 15
# columns: 56
 1 1 1 0 0 0 0 1 0 0 1 0 0 0 0 1 1 1 0 1 0 0 1 0 1 1 0 0 0 0 1 1 1 0 1 1 0 1 0 0 0 1 0 1 0 1 1 1 0 1 1 1 0 0 0 0
 1 1 0 0 0 0 1 1 0 1 1 0 0 0 0 1 1 0 0 0 0 0 1 0 1 1 0 0 0 0 1 1 0 0 1 1 1 0 0 0 0 1 1 1 0 1 1 0 0 1 1 1 0 0 0 0
 1 1 1 1 0 0 1 1 0 1 1 0 0 0 0 1 1 1 0 0 0 1 1 0 1 1 0 0 0 0 1 0 0 0 1 1 0 0 0 0 0 1 0 1 0 1 1 0 0 1 1 1 0 0 0 0
 1 1 0 0 0 0 0 1 0 1 1 0 0 0 0 1 0 0 0 1 0 0 1 0 1 1 0 0 0 0 1 1 1 0 1 1 0 1 0 0 0 1 1 1 0 1 1 0 0 1 1 1 0 0 0 0
 1 1 1 0 1 0 1 1 0 0 1 0 0 0 0 1 1 1 0 1 1 1 1 0 1 1 0 0 0 0 1 0 0 0 1 0 1 0 0 0 0 0 0 1 0 1 1 0 0 1 1 1 0 0 0 0
 1 1 0 0 0 0 0 1 0 0 1 0 0 0 0 1 1 1 0 1 0 0 1 0 1 1 0 0 0 0 1 0 1 0 1 1 0 1 0 0 0 1 1 1 0 1 1 0 0 0 1 1 0 0 0 0
 1 1 0 0 0 0 0 0 0 0 1 0 0 0 0 1 1 0 0 0 0 0 1 0 1 0 0 0 0 0 1 1 1 0 1 0 1 1 0 0 0 1 0 1 0 1 1 0 0 1 1 1 0 0 0 0
 1 1 1 0 0 0 1 1 0 0 1 0 0 0 0 1 1 1 0 0 0 1 1 0 0 0 0 0 0 0 1 0 1 0 0 0 0 1 0 0 0 0 0 1 0 1 1 0 0 1 1 0 0 0 0 0
 1 1 1 1 1 0 0 0 0 0 1 0 0 0 0 1 1 0 1 0 0 0 0 0 1 0 0 0 0 0 1 1 0 0 1 1 0 1 0 0 0 1 0 0 1 1 1 0 1 1 1 1 0 0 0 0
 1 1 0 0 0 0 0 1 0 0 1 0 0 0 0 1 0 0 0 0 0 0 0 0 0 1 0 0 0 0 1 1 0 0 1 0 0 0 0 0 0 0 0 1 0 1 1 0 0 1 0 0 0 0 0 0
 1 1 0 0 1 0 0 0 0 0 0 0 0 0 0 1 0 0 0 1 0 0 0 0 0 0 0 0 0 0 1 1 1 0 1 1 0 1 0 0 0 1 0 0 1 1 0 0 0 0 1 0 0 0 0 1
 1 1 0 0 0 0 0 0 0 1 1 0 0 0 0 1 0 0 1 0 0 0 0 0 0 0 0 0 1 0 1 1 0 1 1 0 1 0 0 0 0 0 1 1 0 1 0 0 0 0 0 0 0 0 0 1
 1 1 0 0 1 0 0 0 0 0 0 0 0 0 0 1 0 0 1 1 0 0 0 0 1 0 0 0 0 0 1 0 0 0 0 1 0 1 0 0 0 1 0 1 0 1 0 0 1 1 0 1 0 0 0 1
 0 1 0 1 0 0 0 1 0 0 0 0 0 0 0 1 1 0 1 1 0 0 0 0 0 1 0 0 0 0 1 1 0 0 1 0 0 0 0 0 0 0 1 1 0 0 0 0 0 0 0 0 0 0 0 1
 1 1 0 1 0 0 0 0 0 0 1 0 0 0 0 1 0 0 1 0 0 0 0 0 0 0 0 0 0 0 1 0 0 0 0 0 1 0 0 0 0 0 0 1 0 1 0 0 0 0 0 0 0 0 0 1


# name: y
# type: matrix
# rows: 15
# columns: 1
 2
 4
 4
 4
 4
 5
 4
 3
 4
 2
 2
 3
 3
 3
 2


