# Created by Octave 3.6.4, Mon Aug 12 15:30:57 2013 EDT <robertothais@centaur>
# name: X
# type: matrix
# rows: 15
# columns: 56
 1 1 1 0 0 0 0 1 0 0 1 0 0 0 0 1 1 1 0 1 0 0 1 0 1 1 0 0 0 0 1 1 1 0 1 1 0 1 0 0 0 1 0 1 0 1 1 1 0 1 1 1 0 0 0 0
 1 1 0 0 0 0 1 1 0 1 1 0 0 0 0 1 1 0 0 0 0 0 1 0 1 1 0 0 0 0 1 1 0 0 1 1 1 0 0 0 0 1 1 1 0 1 1 0 0 1 1 1 0 0 0 0
 1 1 1 1 0 0 1 1 0 1 1 0 0 0 0 1 1 1 0 0 0 1 1 0 1 1 0 0 0 0 1 0 0 0 1 1 0 0 0 0 0 1 0 1 0 1 1 0 0 1 1 1 0 0 0 0
 1 1 0 0 0 0 0 1 0 1 1 0 0 0 0 1 0 0 0 1 0 0 1 0 1 1 0 0 0 0 1 1 1 0 1 1 0 1 0 0 0 1 1 1 0 1 1 0 0 1 1 1 0 0 0 0
 1 1 1 0 1 0 1 1 0 0 1 0 0 0 0 1 1 1 0 1 1 1 1 0 1 1 0 0 0 0 1 0 0 0 1 0 1 0 0 0 0 0 0 1 0 1 1 0 0 1 1 1 0 0 0 0
 1 1 0 0 0 0 0 1 0 0 1 0 0 0 0 1 1 1 0 1 0 0 1 0 1 1 0 0 0 0 1 0 1 0 1 1 0 1 0 0 0 1 1 1 0 1 1 0 0 0 1 1 0 0 0 0
 1 1 0 0 0 0 0 0 0 0 1 0 0 0 0 1 1 0 0 0 0 0 1 0 1 0 0 0 0 0 1 1 1 0 1 0 1 1 0 0 0 1 0 1 0 1 1 0 0 1 1 1 0 0 0 0
 1 1 1 0 0 0 1 1 0 0 1 0 0 0 0 1 1 1 0 0 0 1 1 0 0 0 0 0 0 0 1 0 1 0 0 0 0 1 0 0 0 0 0 1 0 1 1 0 0 1 1 0 0 0 0 0
 1 1 1 1 1 0 0 0 0 0 1 0 0 0 0 1 1 0 1 0 0 0 0 0 1 0 0 0 0 0 1 1 0 0 1 1 0 1 0 0 0 1 0 0 1 1 1 0 1 1 1 1 0 0 0 0
 1 1 0 0 0 0 0 1 0 0 1 0 0 0 0 1 0 0 0 0 0 0 0 0 0 1 0 0 0 0 1 1 0 0 1 0 0 0 0 0 0 0 0 1 0 1 1 0 0 1 0 0 0 0 0 0
 1 1 0 0 1 0 0 0 0 0 0 0 0 0 0 1 0 0 0 1 0 0 0 0 0 0 0 0 0 0 1 1 1 0 1 1 0 1 0 0 0 1 0 0 1 1 0 0 0 0 1 0 0 0 0 1
 1 1 0 0 0 0 0 0 0 1 1 0 0 0 0 1 0 0 1 0 0 0 0 0 0 0 0 0 1 0 1 1 0 1 1 0 1 0 0 0 0 0 1 1 0 1 0 0 0 0 0 0 0 0 0 1
 1 1 0 0 1 0 0 0 0 0 0 0 0 0 0 1 0 0 1 1 0 0 0 0 1 0 0 0 0 0 1 0 0 0 0 1 0 1 0 0 0 1 0 1 0 1 0 0 1 1 0 1 0 0 0 1
 0 1 0 1 0 0 0 1 0 0 0 0 0 0 0 1 1 0 1 1 0 0 0 0 0 1 0 0 0 0 1 1 0 0 1 0 0 0 0 0 0 0 1 1 0 0 0 0 0 0 0 0 0 0 0 1
 1 1 0 1 0 0 0 0 0 0 1 0 0 0 0 1 0 0 1 0 0 0 0 0 0 0 0 0 0 0 1 0 0 0 0 0 1 0 0 0 0 0 0 1 0 1 0 0 0 0 0 0 0 0 0 1


# name: ans
# type: matrix
# rows: 56
# columns: 1
 46
 49
 17
 13
 13
 0
 15
 31
 0
 15
 41
 0
 0
 0
 0
 49
 33
 18
 15
 23
 4
 11
 30
 0
 34
 28
 0
 0
 3
 0
 49
 28
 20
 3
 41
 28
 17
 27
 0
 0
 0
 32
 19
 43
 6
 46
 36
 2
 7
 34
 36
 34
 0
 0
 0
 13


# name: y
# type: matrix
# rows: 15
# columns: 1
 2
 4
 4
 4
 4
 5
 4
 3
 4
 2
 2
 3
 3
 3
 2


